Laguerre Function Value:
-0.8120116994196762

Tabulated t values:
0 0.2747474747474759 0.5494949494949518 0.8242424242424278 1.0989898989899036 1.3737373737373795 1.6484848484848555 1.9232323232323314 2.1979797979798072 2.4727272727272833 2.747474747474759 3.022222222222235 3.296969696969711 3.5717171717171867 3.846464646464663 4.121212121212139 4.3959595959596145 4.67070707070709 4.945454545454567 5.220202020202042 5.494949494949518 5.769696969696994 6.04444444444447 6.319191919191946 6.593939393939422 6.868686868686898 7.1434343434343734 7.418181818181849 7.692929292929326 7.967676767676801 8.242424242424278 8.517171717171752 8.791919191919229 9.066666666666706 9.34141414141418 9.616161616161657 9.890909090909133 10.165656565656608 10.440404040404085 10.715151515151561 10.989898989899036 11.264646464646512 11.539393939393989 11.814141414141464 12.08888888888894 12.363636363636417 12.638383838383891 12.913131313131368 13.187878787878844 13.46262626262632 13.737373737373796 14.01212121212127 14.286868686868747 14.561616161616223 14.836363636363698 15.111111111111175 15.385858585858651 15.660606060606126 15.935353535353602 16.210101010101077 16.484848484848555 16.75959595959603 17.034343434343505 17.309090909090983 17.583838383838458 17.858585858585933 18.13333333333341 18.408080808080886 18.68282828282836 18.95757575757584 19.232323232323314 19.50707070707079 19.781818181818267 20.05656565656574 20.331313131313216 20.606060606060694 20.88080808080817 21.155555555555644 21.430303030303122 21.705050505050597 21.97979797979807 22.25454545454555 22.529292929293025 22.8040404040405 23.078787878787978 23.353535353535452 23.628282828282927 23.903030303030405 24.17777777777788 24.452525252525355 24.727272727272833 25.002020202020308 25.276767676767783 25.55151515151526 25.826262626262736 26.10101010101021 26.37575757575769 26.650505050505163 26.92525252525264 27.200000000000113

Tabulated L(n,t) values:
2 -0.11428211056841832 -0.7983516758944954 -0.8836034201510571 -0.7540879700846529 -0.5761581241404117 -0.4138967403102579 -0.28585636169073875 -0.1921026873916621 -0.12652971962612128 -0.08206629909076246 -0.05258345997127378 -0.03336158143439544 -0.02099416090339337 -0.013121063609484425 -0.008152627320002746 -0.00504002930929377 -0.003102109404931991 -0.0019019556618477455 -0.0011621285348112525 -0.0007079112426644061 -0.0004300412448046986 -0.0002605937848097187 -0.0001575580135559523 -9.50661763988552E-05 -5.7252731571719E-05 -3.4420517548504005E-05 -2.0660847907922784E-05 -1.238341413254966E-05 -7.412086259757498E-06 -4.430877909473828E-06 -2.6456085719455577E-06 -1.5779072252705531E-06 -9.401297662413284E-07 -5.595929044337674E-07 -3.327819639238327E-07 -1.9773042339724404E-07 -1.1739088061997421E-07 -6.964046519983124E-08 -4.1283181209664776E-08 -2.4455987728931157E-08 -1.4478145901200923E-08 -8.565848521723115E-09 -5.064895994067432E-09 -2.9931291602731635E-09 -1.7678541060375106E-09 -1.0436236627529474E-09 -6.157830787245809E-10 -3.6316759819808584E-10 -2.140871210331128E-10 -1.2614968170616695E-10 -7.430217405901049E-11 -4.374654462100908E-11 -2.5746581496608313E-11 -1.5147302747532255E-11 -8.908342914989811E-12 -5.237331721871579E-12 -3.0780815021623452E-12 -1.808473226422578E-12 -1.0622109718979771E-12 -6.237072076738636E-13 -3.6612243618854346E-13 -2.148580508242288E-13 -1.2605513255258814E-13 -7.393613913316666E-14 -4.335546817392605E-14 -2.5417056142270014E-14 -1.489718107778923E-14 -8.729382128228582E-15 -5.114067030236266E-15 -2.99540564121436E-15 -1.7540981061549594E-15 -1.0269840604985158E-15 -6.011565505090222E-16 -3.5182596672308277E-16 -2.0586707416736007E-16 -1.2043889759828168E-16 -7.044815464418173E-17 -4.1200022497743856E-17 -2.4090854277490346E-17 -1.408431481014082E-17 -8.232842600973812E-18 -4.811673939151431E-18 -2.811748783732375E-18 -1.642829111786539E-18 -9.597217885903026E-19 -5.605790936109355E-19 -3.273922935835563E-19 -1.9117953744577315E-19 -1.1162387564096756E-19 -6.516536285697144E-20 -3.803836290183907E-20 -2.2201039234782433E-20 -1.2956044977702146E-20 -7.559975294019158E-21 -4.410808333320326E-21 -2.5731608631205553E-21 -1.5009549430029033E-21 -8.754298185196272E-22 -5.1053902068423235E-22

T value where |L_n(T)| < 0.001:
27.200000000000117

Left Rectangle Integral:
-0.22121690306518457

Mid Rectangle Integral:
-0.22221865888067832

Laguerre Transform Coefficients (f_k):
f[0] = 0.029411764705491242
f[1] = -0.05536332178971152
f[2] = 0.021168328802006073
f[3] = 0.005747058557678474
f[4] = -0.0005690762758929037
f[5] = -0.0004049934747376364
f[6] = -1.4223642416752376E-05
f[7] = 2.2254992726620794E-05
f[8] = 3.3084084367257807E-06
f[9] = -7.971175961301962E-07
f[10] = -3.126124152229042E-07
f[11] = -5.2313024496147995E-08
f[12] = 5.508211140842593E-08
f[13] = 4.2448131259221215E-08
f[14] = -3.1513650800362465E-08
f[15] = -3.224847181260671E-08
f[16] = 1.8342392080599002E-08
f[17] = 2.977722220648621E-08
f[18] = -3.538464394601965E-09
f[19] = -2.5258564800892324E-08
f[20] = -1.0540699185197495E-08

Inverse Laguerre Transform at t:
-4.2481221263391204E-08
